0 0 0 0 0 0 3 0 12 0 0 0 0 2 15 0
0 0 0 1 0 0 11 10 5 8 0 15 0 0 13 14
5 12 0 8 0 0 0 4 0 14 0 0 1 0 0 0
0 0 0 0 0 0 0 13 0 0 0 0 0 0 7 11
0 0 8 16 0 0 0 11 0 0 0 0 0 0 0 0
13 0 9 0 0 0 16 0 11 0 5 0 2 1 0 15 
7 0 14 12 1 0 0 0 11 0 0 0 0 0 0 0
0 15 0 4 5 0 0 14 0 0 13 2 9 16 0 0
9 14 0 0 0 0 0 0 8 0 0 0 4 6 11 5
4 7 0 0 0 9 10 0 0 0 11 0 0 15 0 0
0 13 6 0 0 0 14 0 15 0 0 12 7 0 8 10
12 0 0 11 0 0 0 15 0 0 0 13 0 9 0 0
8 0 0 2 4 0 0 0 0 13 0 5 0 0 0 0
0 0 13 0 16 0 0 0 0 15 4 0 0 0 0 0
15 9 0 0 6 0 0 0 0 2 0 0 14 0 0 0
0 3 0 0 9 0 7 0 14 0 0 1 11 0 0 6